rank_number,actor,contributions,percent,cumulative_sum,cumulative_percent,all_contributions
1,ggreenway,2255,0.05356,2255,0.05356,4210090
2,glbrntt,1641,0.03898,3896,0.09254,4210090
3,christopherhein,260,0.00618,4156,0.09872,4210090
4,pwittrock,202,0.00480,4358,0.10351,4210090
5,Lukasa,190,0.00451,4548,0.10803,4210090
6,yuanchen8911,175,0.00416,4723,0.11218,4210090
7,mlsorensen,173,0.00411,4896,0.11629,4210090
8,frankgreco,155,0.00368,5051,0.11997,4210090
9,jasonkuhrt,125,0.00297,5176,0.12294,4210090
10,michaelajr,106,0.00252,5282,0.12546,4210090
11,alena1108,94,0.00223,5376,0.12769,4210090
12,l2dy,85,0.00202,5461,0.12971,4210090
13,aa-stripe,78,0.00185,5539,0.13156,4210090
14,frankreno,78,0.00185,5617,0.13342,4210090
15,jdumars,78,0.00185,5695,0.13527,4210090
16,bmetzdorf,74,0.00176,5769,0.13703,4210090
17,mariusgrigoriu,73,0.00173,5842,0.13876,4210090
18,achinthagunasekara,63,0.00150,5905,0.14026,4210090
19,parispittman,59,0.00140,5964,0.14166,4210090
20,swsnider,59,0.00140,6023,0.14306,4210090
21,coltonstapper,58,0.00138,6081,0.14444,4210090
22,ichekrygin,48,0.00114,6129,0.14558,4210090
23,KadenLNelson,48,0.00114,6177,0.14672,4210090
24,drywheat,43,0.00102,6220,0.14774,4210090
25,ptux,42,0.00100,6262,0.14874,4210090
26,cduchesne,36,0.00086,6298,0.14959,4210090
27,kemcake,35,0.00083,6333,0.15042,4210090
28,kevints,33,0.00078,6366,0.15121,4210090
29,nhw76,30,0.00071,6396,0.15192,4210090
30,jamiehodge,29,0.00069,6425,0.15261,4210090
31,jaybuff,29,0.00069,6454,0.15330,4210090
32,techdragon,29,0.00069,6483,0.15399,4210090
33,xinxingliu90,28,0.00067,6511,0.15465,4210090
34,jessestuart,27,0.00064,6538,0.15529,4210090
35,XVincentX,27,0.00064,6565,0.15593,4210090
36,pieterv-icloud-com,25,0.00059,6590,0.15653,4210090
37,azr,24,0.00057,6614,0.15710,4210090
38,mrbrownt,24,0.00057,6638,0.15767,4210090
39,ilovezfs,23,0.00055,6661,0.15822,4210090
40,Scottmitch,21,0.00050,6682,0.15871,4210090
41,SuhasAnand,21,0.00050,6703,0.15921,4210090
42,timbunce,21,0.00050,6724,0.15971,4210090
43,franziskagoltz,20,0.00048,6744,0.16019,4210090
44,FranklinYu,19,0.00045,6763,0.16064,4210090
45,kpgriffith,19,0.00045,6782,0.16109,4210090
46,asbjxrn,17,0.00040,6799,0.16149,4210090
47,jedsmith,17,0.00040,6816,0.16190,4210090
48,pantoss,17,0.00040,6833,0.16230,4210090
49,miguelaferreira,16,0.00038,6849,0.16268,4210090
50,shuji-koike,16,0.00038,6865,0.16306,4210090
51,ignertic,15,0.00036,6880,0.16342,4210090
52,joeblackwaslike,15,0.00036,6895,0.16377,4210090
53,massenz,15,0.00036,6910,0.16413,4210090
54,alexouzounis,13,0.00031,6923,0.16444,4210090
55,mellena1,13,0.00031,6936,0.16475,4210090
56,rossbachp,13,0.00031,6949,0.16506,4210090
57,sonnysideup,13,0.00031,6962,0.16536,4210090
58,buchgr,12,0.00029,6974,0.16565,4210090
59,meridional,11,0.00026,6985,0.16591,4210090
60,damianoneill,10,0.00024,6995,0.16615,4210090
61,eightlimbed,10,0.00024,7005,0.16639,4210090
62,lidalei,10,0.00024,7015,0.16662,4210090
63,sevenfourk,10,0.00024,7025,0.16686,4210090
64,troywilson,10,0.00024,7035,0.16710,4210090
65,d-kowalski,9,0.00021,7044,0.16731,4210090
66,rogerwelin,9,0.00021,7053,0.16753,4210090
67,Walliee,9,0.00021,7062,0.16774,4210090
68,antlad,8,0.00019,7070,0.16793,4210090
69,GnawNom,8,0.00019,7078,0.16812,4210090
70,philiphaas,8,0.00019,7086,0.16831,4210090
71,albertomurillo,7,0.00017,7093,0.16848,4210090
72,jakobr-google,7,0.00017,7100,0.16864,4210090
73,m42u,7,0.00017,7107,0.16881,4210090
74,thibaultcha,7,0.00017,7114,0.16898,4210090
75,vnbrs,7,0.00017,7121,0.16914,4210090
76,alexeyklyukin,6,0.00014,7127,0.16928,4210090
77,athei,6,0.00014,7133,0.16943,4210090
78,j03wang,6,0.00014,7139,0.16957,4210090
79,jarimatti,6,0.00014,7145,0.16971,4210090
80,pposkrobko,6,0.00014,7151,0.16985,4210090
81,zee-ahmed,6,0.00014,7157,0.17000,4210090
82,Daemeron,5,0.00012,7162,0.17012,4210090
83,nicolai86,5,0.00012,7167,0.17023,4210090
84,seivan,5,0.00012,7172,0.17035,4210090
85,aaruna,4,0.00010,7176,0.17045,4210090
86,didip,4,0.00010,7180,0.17054,4210090
87,franklinyu,4,0.00010,7184,0.17064,4210090
88,GheRivero,4,0.00010,7188,0.17073,4210090
89,jmaitrehenry,4,0.00010,7192,0.17083,4210090
90,robertscherbarth,4,0.00010,7196,0.17092,4210090
91,silentroach,4,0.00010,7200,0.17102,4210090
92,StefanScherer,4,0.00010,7204,0.17111,4210090
93,Alienero,3,0.00007,7207,0.17118,4210090
94,allanchau,3,0.00007,7210,0.17126,4210090
95,dru,3,0.00007,7213,0.17133,4210090
96,evanlucas,3,0.00007,7216,0.17140,4210090
97,GaborWnuk,3,0.00007,7219,0.17147,4210090
98,jackkleeman,3,0.00007,7222,0.17154,4210090
99,joe11051105,3,0.00007,7225,0.17161,4210090
100,lewisdaly,3,0.00007,7228,0.17168,4210090
101,mhamwala,3,0.00007,7231,0.17175,4210090
102,mofelee,3,0.00007,7234,0.17183,4210090
103,MofeLee,3,0.00007,7237,0.17190,4210090
104,PunKeel,3,0.00007,7240,0.17197,4210090
105,roemba,3,0.00007,7243,0.17204,4210090
106,shahmishal,3,0.00007,7246,0.17211,4210090
107,weters,3,0.00007,7249,0.17218,4210090
108,bkniffler,2,0.00005,7251,0.17223,4210090
109,brandonstephens,2,0.00005,7253,0.17228,4210090
110,didierfranc,2,0.00005,7255,0.17232,4210090
111,notrab,2,0.00005,7257,0.17237,4210090
112,premist,2,0.00005,7259,0.17242,4210090
113,resker,2,0.00005,7261,0.17247,4210090
114,sikevux,2,0.00005,7263,0.17251,4210090
115,cgxu519,1,0.00002,7264,0.17254,4210090
116,dlindenkreuz,1,0.00002,7265,0.17256,4210090
117,gaplo917,1,0.00002,7266,0.17259,4210090
118,johnjansen,1,0.00002,7267,0.17261,4210090
119,matt-farmer,1,0.00002,7268,0.17263,4210090
120,realmbgl,1,0.00002,7269,0.17266,4210090
